1 91.03552657 155.42281487
2 96.14949949 171.71054355
3 97.72621876 186.64477811
4 99.32600081 205.87375657
5 101.69670951 228.23353421
6 80.86472941 228.67052190
7 103.32011150 253.28102677
8 102.47860037 276.73731123
9 102.80795706 296.91377902
10 100.15979381 315.53329618
11 128.15166341 129.58023483
12 111.83418590 143.12152215
13 114.26675384 157.45624932
14 117.50078417 172.54095790
15 120.84782067 186.46019095
16 122.63574910 206.82644238
17 124.07228318 227.52098444
18 124.00733006 250.13567526
19 123.35571726 272.41718642
20 120.82591876 292.93982377
21 119.42805245 312.47084884
22 117.13810484 331.06814516
23 144.47109432 116.44318540
24 148.74922737 132.71426049
25 132.27944741 144.07464857
26 134.75474761 158.81301737
27 138.16269376 172.90764622
28 140.46213173 187.94169366
29 142.62886130 206.38522108
30 144.02945269 226.77608998
31 143.89125458 248.11813187
32 142.39156554 269.72714166
33 140.62966138 289.93602658
34 138.19349531 309.80911819
35 136.75417661 329.84787128
36 138.16283349 351.32080431
37 160.37947716 101.79542283
38 163.71770239 120.14540178
39 151.55606565 147.72673017
40 154.13267327 161.47616146
41 156.96269727 174.76614060
42 160.39048744 189.96693150
43 162.73254438 206.72084155
44 164.21930547 225.29640965
45 164.12505514 246.53903838
46 162.40165387 266.55185216
47 160.65549709 286.32982553
48 158.52417012 306.57171788
49 156.94194454 326.78715339
50 155.08227888 348.18007854
51 153.95061931 370.22524813
52 167.21126920 135.12228997
53 169.63833757 150.34707379
54 172.99438596 163.85801170
55 176.52263437 177.61831945
56 177.46481178 303.75368249
57 175.31562741 323.83979129
58 174.07922912 346.70128480
59 172.57711751 367.13287940
60 171.24027916 389.80514014
61 182.74260289 103.94898035
62 184.88027252 119.83248172
63 186.68933602 137.91240778
64 188.59695469 152.75765915
65 191.50699414 166.98227066
66 180.03461084 192.26034104
67 182.44573643 208.45847176
68 183.12691997 225.28606075
69 183.16716867 244.50263554
70 181.82552524 264.60601304
71 179.89848253 284.17480296
72 192.57710208 322.04436860
73 190.87071522 343.85434705
74 189.20632076 365.63737069
75 186.57787698 385.77232143
76 204.67256358 101.28581583
77 204.75332459 121.42236374
78 205.49346306 139.01429006
79 207.05386534 154.36995012
80 194.59804791 180.88926353
81 198.10859222 195.32577666
82 200.67049960 209.49603489
83 202.03528556 225.63077483
84 201.97932726 242.84723196
85 199.74723863 261.24839455
86 196.85562747 281.11470694
87 194.67698235 301.06674124
88 207.06230124 341.04567794
89 205.20989111 362.87168784
90 202.17795946 384.56445291
91 209.31733857 169.56011416
92 212.44573115 183.95345141
93 214.96621622 197.80221130
94 216.93378227 210.93827160
95 218.08672852 225.65026220
96 217.22926617 240.90968302
97 215.70574498 258.17001401
98 213.00468750 278.72265625
99 210.32043367 299.06098479
100 208.78349581 320.49818635
101 218.38110980 382.13065722
102 225.96716447 98.86707546
103 223.78702471 120.65949105
104 222.79612173 140.06221384
105 224.05224086 156.35661259
106 226.01780164 172.20655552
107 227.39560835 186.05579554
108 229.45480929 198.80016584
109 230.54957020 212.27277937
110 230.80885781 225.93473193
111 230.86943442 240.22803851
112 229.72189349 256.52102149
113 227.77869467 274.80720180
114 225.36907005 297.41787977
115 223.41425330 318.70385693
116 221.99847328 339.83511450
117 220.70153237 361.37801309
118 245.18232417 75.62464159
119 244.55090684 96.58882935
120 242.55610311 119.78421152
121 240.67281835 139.70155550
122 240.68418575 157.60260433
123 240.86929905 172.54514845
124 241.26601942 187.45679612
125 242.22562241 199.61462656
126 243.11594203 212.93140097
127 244.00000000 225.00000000
128 244.35549400 240.09048938
129 243.86949224 255.10784725
130 242.79895833 273.61666667
131 240.98041520 295.28815772
132 239.11778392 316.81081867
133 238.24566428 338.27462212
134 237.30291281 359.99164927
135 236.88596560 381.50042812
136 237.33671894 402.96246139
137 262.43234354 96.26057132
138 260.25023509 117.41094602
139 257.57612139 138.48490912
140 256.12681875 157.74690138
141 255.73179160 173.12493355
142 255.14808721 187.68243521
143 255.22925764 200.99257642
144 255.96577017 213.84107579
145 256.54166667 226.86050725
146 257.03123048 240.14490943
147 257.46713104 254.97170222
148 257.81482771 272.72676645
149 256.96143174 293.13706992
150 255.78806717 315.64798967
151 255.48023304 338.92218061
152 255.80721781 360.48511061
153 258.82181308 380.51692932
154 277.23339658 94.41468399
155 276.33995888 115.70498384
156 273.22897074 137.36350575
157 271.36666169 156.56901955
158 269.85654927 171.99010685
159 268.82875960 187.41218441
160 268.68856767 201.12023653
161 269.05695612 214.51260504
162 269.45823928 227.43069977
163 270.71932575 241.28773030
164 271.82476560 256.38926608
165 273.26403385 272.63102962
166 272.73194658 293.04491195
167 273.04472131 314.82872131
168 273.71012483 339.28374942
169 275.08858109 360.73570623
170 275.05241905 382.42249308
171 291.08512172 113.45956118
172 289.04400728 135.00568569
173 285.35094228 153.97343820
174 283.76556469 171.37321698
175 282.75084364 186.92913386
176 282.01915220 201.35240041
177 282.39426142 215.21324832
178 283.71175603 229.24840138
179 285.82406398 243.29225736
180 287.87811850 257.82900208
181 289.58630908 273.99614758
182 291.82086264 294.97652741
183 291.89676346 317.22924396
184 291.76868361 340.10754932
185 293.27282325 362.33467892
186 294.85431384 91.72206138
187 305.44813310 132.07919957
188 302.03146777 151.99248693
189 299.69810653 170.14687666
190 298.05375714 186.41101509
191 297.87543353 201.79421965
192 298.73758669 216.38945908
193 300.41947654 231.58523933
194 301.87933500 245.33214158
195 304.01980021 260.42115590
196 294.67913938 384.12809034
197 311.58898928 89.53330532
198 307.89542749 111.33637716
199 316.92947260 168.77714581
200 316.11523516 186.19549779
201 315.42259801 202.74936901
202 316.71597525 218.43540757
203 307.72955247 277.66087963
204 308.35031197 296.25796937
205 310.03096810 318.58244211
206 310.81391953 340.62080900
207 312.30409713 364.07373732
208 314.95651322 385.18432909
209 327.09386849 109.26079719
210 322.78701175 130.39659266
211 319.28492728 149.93249596
212 318.32434624 233.20474356
213 320.08220675 248.40133825
214 321.79045480 262.98607524
215 324.58852709 280.42215721
216 327.07658923 299.16236916
217 329.11924455 319.25548681
218 330.24084680 344.09275926
219 341.91779481 128.05056271
220 338.29842423 148.18852962
221 337.70732787 168.58490148
222 336.12958102 186.52162924
223 335.92633441 204.06617418
224 337.05251989 220.12024757
225 338.45217754 235.23088143
226 339.35115646 250.34530612
227 341.84764223 266.62583291
228 343.21971603 282.48175773
229 346.53009799 302.23649090
230 348.27085312 321.72355998
231 349.02558069 346.02087445
232 333.16933202 366.01383934
233 358.79404190 146.29783532
234 357.97377029 168.27913739
235 355.24916129 187.10877419
236 357.41484018 205.87271689
237 357.35794982 221.90652872
238 356.72320538 236.82764207
239 359.79734300 253.41388889
240 360.74322231 269.68758069
241 362.89625770 286.66481695
242 366.12568765 304.54515587
243 380.28132846 168.86133303
244 377.41209075 186.92420727
245 378.04149228 205.61336412
246 377.65146210 222.63613135
247 377.25665197 240.35905428
248 398.09120715 240.49935420
249 377.55129525 256.06393092
250 380.90626786 272.90464850
251 383.50747478 289.89103026
252 386.08430020 310.94588235
253 370.42297102 325.69791530
