1 76.85264814 233.01573152
2 93.05533726 155.33628029
3 95.43172805 175.78555241
4 95.69959793 193.57782883
5 94.98923544 213.35302236
6 95.65974304 232.20663812
7 96.42618870 253.07468260
8 97.04457205 272.51134810
9 99.62633690 290.80180481
10 100.12174767 306.41089838
11 114.86417207 136.27489688
12 114.33085370 155.06695005
13 115.09093656 175.05075529
14 116.01294559 192.18499062
15 115.73978780 213.57957560
16 116.47834694 231.85919327
17 116.25434275 251.14907960
18 117.20772947 270.79521109
19 117.16398559 289.79087635
20 118.23801698 306.63872912
21 119.30087135 321.42439774
22 135.22136818 114.36817832
23 135.39242685 133.39543890
24 133.92160356 153.24587973
25 134.88932245 173.20716566
26 134.76352107 192.56956360
27 134.81284326 212.15673849
28 135.87517581 231.65225035
29 136.98957169 250.52141527
30 136.74328147 269.61209335
31 136.24374320 288.98150163
32 136.10215427 306.68102849
33 137.99232344 322.97031730
34 141.99750872 337.84255107
35 154.89962264 96.16377358
36 154.85214330 114.62393870
37 153.68364794 134.41164430
38 153.79955527 152.88214740
39 153.70623399 172.70708796
40 154.29463537 192.56915339
41 154.85604720 212.17020649
42 156.25582204 231.62530414
43 157.18917951 250.83518452
44 156.91377963 268.42823652
45 156.47608096 286.95262190
46 156.18896189 306.17766097
47 157.11457987 323.04649618
48 157.75801282 337.04990842
49 158.58747486 351.93593795
50 170.00000000 78.00000000
51 172.56799399 97.39969947
52 173.64949324 113.35388514
53 173.64953271 132.71161549
54 173.44732745 152.45303581
55 173.92237995 172.68317729
56 173.98550725 192.34605868
57 174.33319887 212.79507866
58 174.95061728 232.36878759
59 175.77509755 250.52004257
60 175.89081676 268.41853576
61 176.71032746 286.11209068
62 175.55102041 305.29485227
63 175.12195982 323.19421925
64 176.89090909 337.66124402
65 177.33918876 349.64164804
66 177.51949350 367.55381539
67 190.54511971 78.03683241
68 194.37752744 94.28365107
69 194.01885804 113.68648507
70 193.41942910 132.75644567
71 192.93234739 152.88955318
72 192.62177122 172.36642066
73 193.08225108 192.80519481
74 193.38422206 212.97078159
75 193.45393258 232.54082397
76 194.51838235 250.86764706
77 195.44417825 268.45232391
78 195.52325581 285.48436247
79 194.76832208 303.88572806
80 193.86336813 323.07172038
81 193.85098039 337.72588235
82 194.82027786 349.96896246
83 194.60042866 364.81200245
84 213.12524851 76.71835653
85 213.68566775 94.85369164
86 213.43038348 113.01297935
87 213.24304223 132.22192898
88 212.62655906 151.96478357
89 212.89423077 172.56129808
90 212.53765324 192.79422067
91 212.82816092 213.00632184
92 213.44924689 232.96856582
93 213.24945926 250.87887527
94 213.59055589 268.51344889
95 214.09234234 285.31024775
96 213.50929257 303.25029976
97 213.13298885 322.78569486
98 212.87782341 337.18429158
99 212.82921512 349.65116279
100 211.85940902 364.70917574
101 235.24261015 75.23145566
102 233.26430769 94.39261538
103 232.85853342 113.92731992
104 233.14147336 132.49910783
105 232.88510253 151.81061520
106 231.92818671 172.45182525
107 232.17318100 192.53156945
108 232.54010695 213.24598930
109 231.85082873 232.96353591
110 231.53974122 251.10166359
111 230.87386805 268.33117723
112 230.63760807 285.28746398
113 231.49850299 303.76085329
114 232.15214336 322.43464512
115 231.47725025 336.69930762
116 229.86689634 349.18979017
117 228.93017040 364.14600735
118 253.72100176 54.60984183
119 255.00000000 74.00000000
120 252.72698159 95.10808647
121 253.35777497 112.93647282
122 253.00212483 132.48100930
123 252.39097387 151.05510689
124 252.10291971 172.06642336
125 251.55882353 192.49558824
126 251.04908836 212.99438990
127 250.00000000 232.00000000
128 249.79224030 249.98748436
129 248.49642857 268.06857143
130 248.75222113 285.81836130
131 249.96085516 304.67329118
132 250.30991441 322.31098431
133 248.99903241 335.17561684
134 248.09684285 348.49698475
135 248.14497480 364.39163949
136 248.84428505 380.39819528
137 275.91876348 75.78145219
138 274.79235619 94.06422380
139 273.39046079 112.82215036
140 272.22782503 132.32685298
141 272.64332666 151.67705059
142 272.18859915 171.58520315
143 271.04507971 192.08796042
144 270.38004246 211.85031847
145 269.09036861 231.60523187
146 268.54029851 249.38905473
147 267.89213640 267.30062630
148 268.79079956 286.50438116
149 269.72512998 305.75008666
150 269.15299732 321.11810319
151 267.88110831 334.23123426
152 266.87961658 349.22892585
153 269.40208263 363.11588848
154 293.33234421 75.18051434
155 295.27374491 94.14009498
156 293.73685792 113.08891559
157 293.22117056 132.32953448
158 292.68440730 151.61557071
159 292.59923826 171.27719001
160 291.40669516 191.04131054
161 290.25405743 211.05742821
162 288.94164990 230.54594232
163 288.54183497 249.36180035
164 288.82971014 268.36521739
165 289.84518300 287.67227598
166 289.11787072 305.27915082
167 286.88885468 319.22259852
168 285.86336155 333.69044740
169 286.15877342 348.82623509
170 284.79534161 363.80683230
171 316.28535857 74.95816733
172 314.13192557 93.76040142
173 314.64661654 113.20853605
174 313.23756757 132.09594595
175 312.94874851 151.31366706
176 312.30922566 170.96038845
177 311.57283531 190.93887946
178 310.94617438 210.43905694
179 310.69020653 230.42904730
180 310.11427146 249.56786427
181 310.65680473 268.96916848
182 310.49212166 287.37852693
183 308.62605149 304.04053021
184 306.75533756 318.35949221
185 305.52124892 333.32176930
186 305.37668539 348.54578652
187 304.76544450 363.94851833
188 335.51971609 75.03706625
189 334.67449275 94.24985507
190 336.25254692 113.63002681
191 334.23492723 132.56091476
192 334.20955699 151.27575908
193 333.32011935 170.65728900
194 332.28437889 190.81200665
195 332.66719305 210.10106593
196 332.38099575 230.36126290
197 331.53918322 249.98013245
198 330.93333333 269.04522968
199 329.74918759 286.41122600
200 326.83861278 301.86564719
201 325.04806259 317.42660209
202 324.19748111 332.35894207
203 323.99869338 348.67029617
204 325.66915814 364.78717545
205 356.00000000 93.00000000
206 355.53917116 113.80783423
207 353.90834119 132.35556079
208 353.72877536 151.51821938
209 353.74224344 170.88454654
210 353.28919285 190.68405231
211 353.06530999 211.11941947
212 353.45199459 230.27822853
213 352.00232618 249.81416387
214 349.84227129 267.48968697
215 348.28231293 284.44142101
216 346.28213508 300.48910675
217 344.61561399 315.85361887
218 343.42036165 333.90884320
219 344.71098404 349.32261139
220 376.59775719 113.84544125
221 374.49062545 132.99141262
222 375.21179826 152.53797658
223 374.43873429 170.96790844
224 374.35692380 191.90894079
225 373.93818319 210.69129288
226 373.07702436 230.15371955
227 371.12534060 248.28201635
228 369.17572730 266.43726124
229 366.25974724 282.22156494
230 365.54734848 299.91071429
231 364.36301703 315.24476886
232 361.98864865 333.09108108
233 395.31990934 131.89470014
234 395.54772558 153.10589113
235 393.10390983 172.46195844
236 394.82267598 192.21278882
237 393.67226476 211.27315387
238 390.60708899 229.17873303
239 389.95408486 246.99018366
240 386.75995606 265.32216424
241 385.54789916 282.70009337
242 385.01367826 298.41302409
243 385.76206402 315.51481128
244 415.79515246 153.24081314
245 413.42857143 172.27445652
246 414.00471311 191.95348361
247 412.49784532 210.72692220
248 409.45941084 229.47717562
249 408.03168279 247.02864732
250 407.00217155 264.71851249
251 405.36221662 281.38413098
252 404.87251777 301.30178965
253 427.91367360 228.02205419
