1 16.86848495 25.00402470
2 1.61426492 80.25327511
3 23.21794965 448.29973690
4 146.00477867 162.69844064
5 148.15577508 184.61170213
6 147.98496027 203.47531215
7 147.34380306 223.90916808
8 128.69933677 244.02947679
9 147.82015986 244.12144760
10 148.92921236 265.64157527
11 149.07277752 286.71188392
12 150.84466292 306.77528090
13 150.03179973 326.54431664
14 168.61662125 143.15531335
15 168.09220808 162.94306765
16 168.20693898 184.24089567
17 169.09004739 202.50846310
18 168.85161478 224.63747454
19 168.97873393 244.04624135
20 168.72539521 264.42835288
21 169.74564620 285.54055912
22 169.55716135 305.63244176
23 169.86663808 325.79716981
24 169.84262191 345.70075997
25 188.41526611 120.99042951
26 189.27113703 140.64319354
27 188.38702703 161.41729730
28 189.00485561 182.12394582
29 188.60793116 202.84923307
30 188.56573859 223.27803558
31 189.01392190 243.67707980
32 189.38835573 264.32085733
33 189.09595782 285.00913884
34 189.72872189 305.30401366
35 189.81009432 325.37496814
36 190.41789311 346.36386522
37 193.46532258 367.81774194
38 208.64904552 100.50734214
39 210.20724939 120.37096774
40 209.48633768 141.45717781
41 209.35036496 161.22962287
42 208.89791988 181.95839753
43 209.41375812 202.48620130
44 208.91951760 222.74501600
45 209.70816641 242.87827427
46 210.03450078 264.20517512
47 209.90175364 284.36889922
48 209.94158879 304.37032710
49 210.44491327 324.97046414
50 211.26841392 345.52440127
51 211.44652872 366.37188165
52 211.59975062 387.13815461
53 227.19724138 80.65931034
54 228.53728814 102.18644068
55 229.66063548 120.40997352
56 229.10230415 141.08079877
57 229.38097307 160.98349262
58 229.98799360 181.76734258
59 229.64792356 201.90959206
60 229.55178571 222.67000000
61 229.77530307 243.01860727
62 229.90553219 263.35716597
63 230.23297710 284.27816794
64 230.45590094 304.63406621
65 230.74062597 324.94019213
66 230.69664361 344.97079170
67 231.99954034 366.42955642
68 232.63349331 385.34781510
69 233.32910724 407.97913365
70 248.30722348 81.24898420
71 250.23136675 99.26410209
72 250.10930889 120.69816643
73 250.09392761 140.95991624
74 249.86281588 161.40572063
75 249.96268238 181.31734007
76 250.03899371 201.98322851
77 250.14326484 222.30993151
78 249.91279070 242.78197674
79 250.76410256 263.33397436
80 250.94976978 283.98534952
81 251.17421084 304.41721263
82 251.12070900 324.51514472
83 250.75968717 345.02310700
84 251.43855932 365.80614407
85 252.62567988 386.10003885
86 252.25967244 405.68407311
87 269.52994762 79.47984514
88 270.45456626 100.24994278
89 270.45634038 120.13236930
90 270.46249722 140.22969063
91 270.29601460 160.73440828
92 270.84866785 181.24476021
93 270.49178449 201.70538785
94 270.53276210 222.19354839
95 271.15775257 242.66072393
96 271.06166056 263.15873016
97 271.17978064 283.43204578
98 271.79692176 304.55579307
99 271.70199430 324.67777778
100 271.87211831 344.92757721
101 272.05461798 365.46455968
102 272.53336131 386.09190097
103 271.68061367 406.34058577
104 291.14399780 78.96888767
105 290.45168747 99.86708276
106 290.08175803 120.85396975
107 290.55263158 140.62454628
108 290.84558587 160.64622793
109 290.33939684 181.12206798
110 290.97447447 201.42392392
111 291.24701446 222.19987429
112 291.33969466 242.53339695
113 291.37327443 283.57758145
114 291.94749755 304.13542689
115 291.80801457 324.80437158
116 292.09895435 344.81586330
117 292.06953428 365.65103493
118 292.18075298 385.79734921
119 291.05697446 406.02597686
120 310.51610205 58.25972396
121 311.91669061 78.18126975
122 311.78156313 100.21067134
123 311.36269430 120.24052359
124 311.19169483 140.62216321
125 311.19382261 160.35052423
126 311.17883212 180.98844282
127 311.43533123 201.36025237
128 312.38694639 283.46969697
129 312.34087363 304.36895476
130 312.75006522 324.71458388
131 313.02279284 344.73514137
132 313.10925590 364.79927405
133 312.76444340 385.64654767
134 313.06157163 406.43411596
135 313.81355627 427.01546206
136 332.85775862 79.43836207
137 332.62583806 99.50335224
138 331.60667780 119.86878130
139 331.06651376 140.62127294
140 331.81699968 160.24865208
141 332.07450157 180.66998951
142 331.84297109 201.37886341
143 332.02388797 221.77594728
144 332.40511551 262.65594059
145 332.34451220 283.30731707
146 332.78867403 304.16298343
147 332.92321056 324.18172342
148 333.23808395 344.43063789
149 333.49684653 365.11002102
150 333.16797386 386.01873638
151 336.02141802 405.52117184
152 350.71806474 79.45388096
153 352.80425898 99.63174876
154 352.28589876 120.18698347
155 352.13133548 140.47546259
156 352.12627646 160.42640100
157 352.53526612 180.62440502
158 352.67678193 201.09350741
159 352.96666667 221.55989583
160 353.02311796 242.05157084
161 353.10856865 262.69036027
162 353.44728560 283.25806452
163 353.75987842 303.78723404
164 353.70773226 324.00259665
165 352.96848793 343.42134689
166 353.63761194 365.03761194
167 354.67327766 385.22505219
168 353.16564805 406.53382508
169 372.35606294 79.03517433
170 371.93180930 99.42614302
171 372.99807182 120.30923114
172 372.47215225 139.98992443
173 372.86061431 160.27313375
174 372.94866920 180.50261407
175 373.09005425 201.25280289
176 373.36271343 221.43931703
177 374.05646259 241.98707483
178 373.97987703 262.52543320
179 373.84388552 282.87380746
180 373.96717468 303.25175850
181 374.16490097 324.19737448
182 374.42275173 344.79285165
183 374.07974011 364.94654460
184 374.86564942 385.18068478
185 374.78584429 406.01314459
186 392.28555799 79.88457330
187 392.79009104 99.71831232
188 393.43378747 119.56766576
189 392.93605237 140.11908359
190 393.26210307 160.23633524
191 393.33600713 180.54344920
192 393.31520000 200.90666667
193 394.15253515 220.91350660
194 394.21676044 241.81670121
195 393.72208884 262.29411765
196 393.84994753 282.75262329
197 394.63928210 303.56825076
198 393.87414313 323.66849465
199 394.72262316 345.00345152
200 394.62016202 364.16021602
201 395.34330180 385.01571559
202 396.20924422 404.79294191
203 414.05998462 100.04896180
204 413.73477290 120.63425168
205 413.43047987 140.05976446
206 413.42365402 160.21977052
207 413.95213946 180.11220285
208 413.89891395 200.83508772
209 413.81452635 221.42854555
210 414.58623910 241.34557908
211 414.47589308 262.41194104
212 414.47279397 282.18280008
213 415.08816765 303.18757986
214 415.50174992 323.95991091
215 415.31894291 343.56768207
216 415.03168245 365.34686817
217 416.48945397 384.73703923
218 434.28833173 120.24831244
219 433.32819350 140.16054422
220 434.63220000 160.59680000
221 433.96425189 180.00378788
222 434.60449173 201.00520095
223 434.90331384 220.98479532
224 435.28627215 241.29978973
225 434.95708713 261.93081925
226 435.33806893 282.91502236
227 434.93902209 302.13007363
228 436.02487024 323.72837370
229 435.54049525 342.73245206
230 433.95441989 364.32209945
231 454.11747094 138.28038042
232 455.26777822 160.47107272
233 452.95328720 180.38658208
234 455.72053790 201.54963325
235 455.88818326 221.45475164
236 454.10245184 241.09019264
237 456.38584991 261.93761302
238 455.51342368 283.34748146
239 455.83872048 303.31602747
240 456.48465759 321.61654135
241 457.89846632 342.17122889
242 476.42912925 160.55408044
243 474.61404834 179.73678248
244 476.16995370 200.48002058
245 476.33093661 221.31636708
246 495.01399776 241.16685330
247 475.67078916 242.80565371
248 475.90993328 262.54447739
249 476.28215876 282.60099555
250 476.48820198 301.82184993
251 476.98687608 323.73085198
252 618.51957127 38.08086210
253 612.37558309 439.27304785
