1 76.89793315 232.94947691
2 92.62347604 155.08023816
3 95.46806310 175.78950091
4 95.72964080 193.65588155
5 95.05722351 213.34026174
6 95.70991168 232.24690873
7 96.52206897 253.20919540
8 96.98299765 272.54852210
9 99.61453046 290.71065990
10 100.11871709 306.35088559
11 114.82678271 136.30741157
12 114.45359134 155.17087570
13 115.03996550 175.04974123
14 115.97455830 192.24028269
15 115.75038640 213.64940752
16 116.63028902 231.76439306
17 116.30528967 251.08916877
18 117.23408582 270.78055725
19 117.09667603 289.81999064
20 118.27832316 306.57203502
21 119.34626301 321.41769158
22 135.28846154 114.42973373
23 135.22584446 133.46661430
24 133.97430830 153.29565217
25 134.82043551 173.08442211
26 134.78544326 192.60641601
27 134.82085346 212.17270531
28 135.93581643 231.60824742
29 136.92954220 250.59907010
30 136.72822528 269.60674525
31 136.20435339 288.96594110
32 136.15354331 306.77230971
33 138.00739680 322.99809115
34 142.00321987 337.82658694
35 154.47709924 96.13867684
36 154.88593230 114.56838192
37 153.63174251 134.43906770
38 153.87384899 152.86832413
39 153.70623399 172.70708796
40 154.34914915 192.61061061
41 154.89326484 212.17665525
42 156.21199727 231.63258350
43 157.18917951 250.83518452
44 156.87431421 268.49426434
45 156.45037167 286.95059029
46 156.19949622 306.18110831
47 157.26698593 322.99790482
48 157.69032258 337.03311828
49 158.62432815 351.96746818
50 170.00000000 78.00000000
51 172.68854655 97.21031480
52 173.67571761 113.24127230
53 173.59145608 132.73766546
54 173.50582751 152.50815851
55 174.03430962 172.57182706
56 173.98362761 192.39165329
57 174.28075710 212.79968454
58 175.03822630 232.44006116
59 175.74233983 250.54735376
60 175.92654028 268.37085308
61 176.64324163 286.06937799
62 175.53316254 305.19413607
63 175.06103764 323.22753476
64 176.81215299 337.68938927
65 177.30025126 349.68090452
66 177.50161082 367.55283505
67 190.71623672 78.20030349
68 194.35155593 94.20185029
69 193.91172032 113.73792757
70 193.54274441 132.76852258
71 192.93234739 152.88955318
72 192.67717931 172.41034727
73 193.15478424 192.83489681
74 193.44334975 213.00844476
75 193.45643154 232.49861687
76 194.51838235 250.86764706
77 195.40972872 268.48924228
78 195.47271359 285.47911178
79 194.76832208 303.88572806
80 193.84568704 323.07022107
81 193.96206262 337.58121547
82 194.87122845 349.91406250
83 194.62443575 364.86668673
84 212.97521097 76.71255274
85 213.77270368 94.87778931
86 213.47067364 112.99709640
87 213.23481308 132.22453271
88 212.92358804 151.98538206
89 212.89663273 172.50313234
90 212.53765324 192.79422067
91 212.82816092 213.00632184
92 213.44924689 232.96856582
93 213.15456362 250.77348434
94 213.53548759 268.46105020
95 214.06126915 285.35831510
96 213.53453196 303.27425799
97 213.09458776 322.81613556
98 212.88218111 337.32960078
99 212.82921512 349.65116279
100 211.86424135 364.79000296
101 235.06334165 75.28528678
102 233.22595281 94.38596491
103 232.96975197 114.00000000
104 233.18728606 132.42347188
105 232.82104343 151.78519382
106 231.86890951 172.46867749
107 232.29229904 192.56436200
108 232.54010695 213.24598930
109 231.85082873 232.96353591
110 231.53974122 251.10166359
111 230.87386805 268.33117723
112 230.68680556 285.24097222
113 231.46881878 303.72597212
114 232.16735680 322.39095928
115 231.46324489 336.73118747
116 229.92029851 349.10238806
117 228.95272843 364.07614213
118 253.69296811 54.38266558
119 255.00000000 74.00000000
120 252.65795542 95.14373559
121 253.34811869 113.00275314
122 252.96972780 132.42203002
123 252.35367545 151.10725844
124 252.10291971 172.06642336
125 251.76026059 192.55374593
126 251.04908836 212.99438990
127 249.79224030 249.98748436
128 248.49642857 268.06857143
129 248.75222113 285.81836130
130 249.96152708 304.62740456
131 250.30373995 322.26494233
132 249.02527233 335.16688453
133 248.10795087 348.49030381
134 248.17642209 364.29101401
135 248.81147893 380.40240757
136 275.79393564 75.81250000
137 274.74787116 94.08922621
138 273.39385275 112.83202287
139 272.29340278 132.37500000
140 272.52320339 151.68231238
141 272.18859915 171.58520315
142 270.93154034 192.08312958
143 270.29870130 211.91808192
144 269.08814271 231.58027282
145 268.43794964 249.49370504
146 267.85752508 267.25016722
147 268.76808511 286.54734043
148 269.78201635 305.75442779
149 269.27011658 321.17600227
150 267.94510846 334.05976096
151 266.80908096 349.20678337
152 269.41114875 363.15737604
153 293.33234421 75.18051434
154 295.17025377 94.13652425
155 293.66734575 113.08585565
156 293.25627106 132.25870461
157 292.72038217 151.63078556
158 292.54327122 171.27122153
159 291.40669516 191.04131054
160 290.28927964 211.08848554
161 288.94164990 230.54594232
162 288.54183497 249.36180035
163 288.72030651 268.35423197
164 289.84880855 287.63311422
165 289.13511029 305.30116422
166 286.78324698 319.19660334
167 285.78933434 333.64372163
168 286.19510703 348.82660550
169 284.76079243 363.74926079
170 316.28535857 74.95816733
171 314.16092177 93.87238575
172 314.72776505 113.23953343
173 313.27115081 132.06332107
174 312.97286896 151.32403310
175 312.34086957 171.01813665
176 311.60039960 190.90143190
177 310.99348110 210.47501086
178 310.63151125 230.37942122
179 310.10424528 249.56509434
180 310.66279070 269.02203182
181 310.43887250 287.35234349
182 308.63937240 304.06374111
183 306.73087661 318.28308208
184 305.56948758 333.32686335
185 305.26586707 348.56771614
186 304.75827578 363.96213384
187 335.45290859 75.03324100
188 334.54735712 94.24926214
189 336.24467532 113.70389610
190 334.16866523 132.50973069
191 334.22961014 151.24802679
192 333.34893527 170.66097407
193 332.32635038 190.82542617
194 332.65351895 210.13998453
195 332.33411558 230.34966266
196 331.61873695 250.02139875
197 330.94819977 269.08641115
198 329.84279476 286.42740175
199 326.74921466 301.80052356
200 325.06853810 317.48195406
201 324.22235462 332.37750238
202 324.04697131 348.61827843
203 325.64703704 364.87481481
204 356.00000000 93.00000000
205 355.59040390 113.73881811
206 354.05619192 132.34579641
207 353.82742022 151.54840435
208 353.88053842 170.90353337
209 353.28303281 190.69701448
210 353.03885971 211.12798200
211 353.40032573 230.30716612
212 351.90952955 249.78455971
213 349.92104083 267.48026021
214 348.26158133 284.48589342
215 346.23617915 300.56263121
216 344.66171194 315.84956433
217 343.34765069 333.81419079
218 344.72274501 349.39637365
219 376.52631579 113.87719298
220 374.46037474 132.92408050
221 375.20066841 152.55434467
222 374.40346065 171.02278962
223 374.27526596 191.87632979
224 373.93818319 210.69129288
225 373.05968254 230.09428571
226 371.14096800 248.25971965
227 369.08820287 266.46830209
228 366.34338571 282.19209326
229 365.55681532 299.86016629
230 364.36038239 315.17607826
231 361.92950192 333.19386973
232 395.43189849 131.94426598
233 395.52065969 153.06011704
234 393.13254615 172.42142026
235 394.77439797 192.25323194
236 393.67072600 211.28454333
237 390.61549815 229.23911439
238 389.89018013 247.03486345
239 386.75324002 265.33592535
240 385.55062511 282.63567529
241 385.14798087 298.35414453
242 385.86086196 315.52854955
243 415.83505155 153.34471649
244 413.46540422 172.32447196
245 413.93094290 191.85505597
246 412.48454064 210.81294170
247 409.46827662 229.45334797
248 407.98673933 247.07211626
249 407.02996807 264.69295014
250 405.50208817 281.45661253
251 404.80638493 301.28686266
252 428.29540421 228.00138427
