1 56.67724207 244.08093930
2 74.07220413 162.71742671
3 76.11839610 184.61744785
4 76.02248201 203.46013189
5 75.39630769 223.83907692
6 75.81544084 244.12631339
7 76.84770115 265.68521421
8 77.03221870 286.60117159
9 78.80104560 306.74237584
10 78.06553672 326.59020716
11 96.58092210 143.07980922
12 96.06507126 162.99220220
13 96.40930369 184.31187829
14 96.99001901 202.45413498
15 96.73439575 224.73107570
16 96.99148297 244.08592184
17 96.77522077 264.45143163
18 97.69279715 285.51947060
19 97.41741813 305.74869483
20 97.86993508 325.76001791
21 97.89021249 345.69575016
22 116.37221796 120.99974418
23 117.24356856 140.64621194
24 116.33982876 161.21612046
25 117.04555374 182.11783961
26 116.40131291 202.76498906
27 116.46913079 223.21567831
28 116.97261698 243.64956672
29 117.35157735 264.30102623
30 116.98296355 285.02575277
31 117.66420991 305.26267689
32 117.66209112 325.43603972
33 118.33455508 346.42089188
34 121.49483649 367.94018933
35 136.76604278 100.59545455
36 138.22803630 120.31840124
37 137.46787800 141.54099070
38 137.39116414 161.13995485
39 136.94076349 181.97367266
40 137.36144316 202.50836775
41 136.91831127 222.78616038
42 137.62320230 242.85522531
43 137.99035187 264.24205448
44 137.89381107 284.31096634
45 137.84436122 304.30669996
46 138.36282017 325.04726697
47 139.19334667 345.48049025
48 139.35393022 366.44136192
49 139.59679958 387.09653725
50 155.22894737 81.06611842
51 156.53658537 102.18954704
52 157.59411072 120.40306243
53 157.16800000 141.07166667
54 157.38097307 160.98349262
55 157.82076601 181.74596050
56 157.56571868 201.93581860
57 157.59738806 222.64925373
58 157.71286550 243.07660819
59 157.90219629 263.41283459
60 158.22229530 284.29661296
61 158.51617251 304.57331536
62 158.64593616 324.99308983
63 158.78264374 344.94008598
64 159.99953402 366.47670084
65 160.63169459 385.32683329
66 161.32262052 407.87021014
67 176.27946366 81.18866149
68 178.22091399 99.31351028
69 178.08614137 120.63364581
70 178.14572065 140.93063952
71 177.79547484 161.31348616
72 177.92672160 181.28811065
73 178.09500663 201.98939461
74 178.14326484 222.30993151
75 177.91279070 242.78197674
76 178.82372432 263.34526176
77 179.04666991 283.94798250
78 179.25339506 304.40092593
79 179.12332254 324.43752892
80 178.72896175 344.99890710
81 179.47942807 365.71695360
82 180.58993964 386.21106640
83 180.20691421 405.71702945
84 197.39112801 79.61622307
85 198.44074161 100.20558554
86 198.43595840 120.09806835
87 198.49962453 140.25531915
88 198.37925599 160.74274905
89 198.75292284 181.35736555
90 198.48914858 201.67904841
91 198.58716075 222.23590814
92 198.96198454 242.75451031
93 198.93024772 263.13624511
94 199.08094520 283.42785319
95 199.76950834 304.54668471
96 199.68540670 324.72248804
97 199.78190476 344.86500000
98 200.05746032 365.46571429
99 243.00000000 243.00000000
100 200.57011854 386.01744576
101 199.72248948 406.40559230
102 219.15059558 78.90782757
103 218.46468044 99.92503604
104 218.08175803 120.85396975
105 218.64707317 140.65219512
106 218.90719178 160.58184932
107 218.36745407 181.18845144
108 218.97447447 201.42392392
109 219.28085106 222.09007092
110 219.33638444 242.48741419
111 219.51054079 263.02841430
112 219.37327443 283.57758145
113 219.93890675 304.09003215
114 219.80801457 324.80437158
115 220.11775701 344.85847797
116 220.13407821 365.60405028
117 220.15490924 385.82466997
118 219.07788462 405.93245192
119 238.42621359 58.46432039
120 239.90266022 78.13482467
121 239.70499716 100.17745599
122 239.41535725 120.17729025
123 239.24192735 140.72653885
124 239.23172282 160.34202161
125 239.19266055 180.99017038
126 239.43269231 201.30357143
127 239.55895692 221.96258503
128 240.26823239 262.98022250
129 240.25802391 283.46381372
130 240.49117647 304.13725490
131 240.71779661 324.80451977
132 241.12227603 344.69007264
133 241.13193916 364.84144487
134 240.68304279 385.72636027
135 241.00774032 406.48214732
136 241.88051022 426.94597636
137 260.94669704 79.45580866
138 260.62111981 99.61328692
139 259.59781495 119.93342438
140 259.07190413 140.65446072
141 259.80179211 160.26594982
142 260.00760043 180.69326819
143 259.82262493 201.39264141
144 260.02450091 221.65154265
145 260.10021097 242.25421941
146 260.47276265 262.83949416
147 260.34451220 283.30731707
148 260.69006721 304.14115011
149 260.92321056 324.18172342
150 261.27403612 344.43777452
151 261.45524395 365.13791779
152 261.13252742 386.12939333
153 263.96704545 405.49176136
154 278.74854862 79.46008708
155 280.86749531 99.68175422
156 280.27838341 120.10396171
157 280.11050989 140.50738814
158 280.21113502 160.37439484
159 280.53750575 180.53704556
160 280.64962189 201.05437523
161 280.92814695 221.61804430
162 281.02388242 242.11941212
163 281.15038760 262.68888889
164 281.48038802 283.32307043
165 281.76621559 303.74335044
166 281.73425139 323.97157926
167 280.96668416 343.49947534
168 281.71419009 365.11713521
169 282.64959255 385.25611176
170 281.09154601 406.42223260
171 300.32035340 79.03566754
172 299.83749443 99.54859563
173 301.05027209 120.39828971
174 300.34591961 139.97137637
175 300.81664865 160.27394595
176 300.90261519 180.50933998
177 300.97941058 201.26039564
178 301.30951183 221.36034222
179 301.96219686 241.93794579
180 301.97987703 262.52543320
181 301.98038203 282.82860093
182 301.81036234 303.22519472
183 302.15898561 324.13191904
184 302.32771084 344.76265060
185 301.99170389 364.88704531
186 302.89522863 385.23379722
187 302.78458919 406.07875692
188 320.31412894 79.87448560
189 320.72843137 99.72254902
190 321.42271994 119.50403551
191 320.77762040 140.10481586
192 321.30228802 160.25033647
193 321.39680676 180.54003287
194 321.30965339 200.84818104
195 322.18070711 220.96027935
196 322.18066465 241.85347432
197 321.77707610 262.31259867
198 321.86715043 282.81384315
199 322.65510044 303.51995826
200 321.87244318 323.65937500
201 322.68497796 345.00881655
202 322.61159759 364.05701498
203 323.39950495 385.00016502
204 324.16528926 404.84330579
205 341.98867024 100.09451401
206 341.60266407 120.68486030
207 341.37539906 140.03474178
208 341.39304875 160.21320271
209 341.96712689 180.08875740
210 341.94195573 200.86090291
211 341.81139601 221.39867047
212 342.55098684 241.33618421
213 342.51395774 262.44508218
214 342.40048922 282.18301090
215 343.11015737 303.17911302
216 343.48552722 323.97070986
217 343.32447143 343.60498221
218 343.01144436 365.43942384
219 344.41244885 384.76696102
220 362.42514052 120.23658661
221 361.27219225 140.17770149
222 362.51614311 160.62652705
223 361.94896933 180.02714932
224 362.65312576 200.94964729
225 362.90331384 220.98479532
226 363.30766689 241.24091210
227 362.95708713 261.93081925
228 363.33090502 282.89576912
229 362.86661177 302.10107040
230 364.03700381 323.61942139
231 363.44144886 342.62543733
232 361.95441989 364.32209945
233 382.04027505 138.27819253
234 383.37343880 160.43817652
235 381.02352456 180.38856789
236 383.71566328 201.68308574
237 383.87952964 221.44228462
238 382.17983400 241.04180756
239 384.40641312 261.92766592
240 383.42732001 283.41089515
241 383.88572961 303.26359084
242 384.52032520 321.63029525
243 385.72796449 342.15409004
244 404.46971109 160.41425909
245 402.62085308 179.86216430
246 404.08561644 200.48668189
247 404.16184021 221.35325529
248 403.70431685 242.82774518
249 403.90828173 262.49438854
250 404.37493143 282.62424575
251 404.34722969 301.75981711
252 404.94779296 323.69527224
253 423.08952440 241.06310227
