1 56.73791418 243.95464422
2 74.05504038 162.56506132
3 76.19219569 184.67880023
4 76.00103377 203.42935906
5 75.40579710 223.90705734
6 75.80349576 244.05376059
7 76.90958825 265.72617334
8 77.05370912 286.69555969
9 78.78078902 306.86758148
10 78.09001957 326.64138943
11 96.54435747 143.03033268
12 96.26484018 162.99771689
13 96.33032129 184.18005355
14 96.84721099 202.30261385
15 96.72374101 224.75467626
16 96.71079493 244.04113826
17 96.77871411 264.34456929
18 97.77251446 285.62104104
19 97.25199670 305.87854586
20 97.62794161 325.93535895
21 97.88648428 345.68926092
22 116.36744315 121.02052135
23 117.37215190 140.46919831
24 116.29982487 161.28511384
25 117.12963521 182.07868556
26 116.35274777 202.64020667
27 116.10670893 223.32857898
28 117.06260575 243.46869712
29 117.17875211 264.18760540
30 116.97754354 285.03712191
31 117.52319772 305.23840114
32 117.51282051 325.50970201
33 118.24314745 346.62121928
34 121.60222110 367.81726401
35 136.72836387 100.59065066
36 138.07797316 120.41485423
37 137.40985700 141.34039837
38 137.27616169 161.07744617
39 136.98213468 182.06046725
40 137.34616328 202.62098554
41 136.92824986 222.83089477
42 137.69844709 242.86529433
43 138.06158253 264.22126745
44 137.76849037 284.52608916
45 137.91868345 304.31316554
46 138.30726744 324.97122093
47 139.14820144 345.52863309
48 139.40409639 366.49686747
49 139.62208068 387.08886867
50 155.33251834 81.03626732
51 156.60554017 102.15734072
52 157.50590173 120.27724403
53 157.11123638 140.96467493
54 157.28110599 160.90015361
55 157.92220699 181.78067169
56 157.56705298 201.85389073
57 157.59402242 222.46741386
58 157.72541744 243.07977737
59 157.95038705 263.44862773
60 158.22768609 284.23105423
61 158.37840975 304.58357516
62 158.67638266 325.02466368
63 158.68075847 345.01181225
64 160.00336417 366.57667508
65 160.65543071 385.30813756
66 161.38286109 407.94678645
67 176.26209347 81.11669855
68 178.20597851 99.33208781
69 178.02455039 120.59377676
70 178.04166667 140.82083333
71 177.84255599 161.37582345
72 177.99397017 181.29958743
73 178.02661597 201.97243346
74 178.15076336 222.27480916
75 177.71175858 242.79500520
76 178.85735513 263.14487370
77 179.04885496 283.85190840
78 179.31200821 304.43106398
79 179.09005123 324.38770558
80 178.61111111 345.16752799
81 179.50382696 365.88252912
82 180.57979111 386.15788195
83 180.11481056 405.72933410
84 197.37748756 79.63121891
85 198.25571031 100.03983287
86 198.40823970 120.00715015
87 198.41436031 140.22140992
88 198.29852321 160.62060478
89 198.82437121 181.30875976
90 198.48961156 201.57046070
91 198.52217742 222.01814516
92 198.90258856 242.68324251
93 198.85682980 263.10664719
94 199.18522602 283.43991180
95 199.72180043 304.55965293
96 199.69970845 324.58859734
97 199.78372211 344.93052738
98 200.23509174 365.57951070
99 200.68940162 386.18864097
100 199.75511530 406.34848977
101 219.11095017 78.94872538
102 218.61111111 99.88719684
103 218.04605993 120.83518313
104 218.47268852 140.61657341
105 218.99382001 160.49864813
106 218.29379892 181.26550271
107 218.98311547 201.28485839
108 219.45060241 222.03935743
109 219.42000000 242.49285714
110 219.51054079 263.02841430
111 219.50453721 283.58560194
112 219.93599102 303.99887704
113 219.93646865 324.82838284
114 220.22094651 344.84934192
115 220.01731959 365.78103093
116 220.09395656 385.83120869
117 219.07282913 405.95543672
118 238.38977901 58.46795580
119 239.86633826 78.17766831
120 240.01004016 99.97322624
121 239.49760307 120.16938319
122 239.35463522 140.72270982
123 239.21351715 160.21990585
124 239.34218289 180.99041298
125 239.51540383 201.07826811
126 239.55895692 221.96258503
127 239.00000000 243.00000000
128 240.21136767 262.97513321
129 240.25802391 283.46381372
130 240.49117647 304.13725490
131 240.61265192 324.73730134
132 240.80811528 344.58551384
133 241.02878654 364.75553587
134 240.68907819 386.00760572
135 241.00681013 406.48869518
136 241.95099084 426.87406776
137 260.89651613 79.47638710
138 260.58437400 99.60838937
139 259.60914986 119.90814121
140 259.08720930 140.65625000
141 259.82640493 160.21324095
142 259.88146280 180.68474149
143 259.86539573 201.30906990
144 260.03102625 221.94152745
145 260.29565217 242.20993789
146 260.47276265 262.83949416
147 260.50812065 283.06187162
148 260.57508532 304.01791809
149 261.00568828 324.10580205
150 261.27151452 344.37117447
151 261.40246325 365.17679778
152 261.16603976 386.18753358
153 264.01593625 405.51976709
154 278.63522825 79.41515935
155 280.91022576 99.60610890
156 280.28090217 120.14909197
157 280.10943820 140.58943820
158 280.21144121 160.36852086
159 280.60470701 180.56051873
160 280.78616852 201.12837838
161 280.92152200 221.63079667
162 281.02519380 242.01614987
163 281.10797613 262.77319588
164 281.47619048 283.42267574
165 281.95005258 303.83123028
166 281.73425139 323.97157926
167 281.08255269 343.43501171
168 281.74255833 365.31496380
169 282.56469328 385.47173855
170 281.12793177 406.36966951
171 300.50554562 79.00429338
172 299.76419111 99.70175024
173 301.13325575 120.25865580
174 300.47160731 139.94321463
175 300.90178359 160.23115339
176 300.74577259 180.53411079
177 301.08574007 201.28384477
178 301.15323565 221.36263736
179 301.57417103 241.99476440
180 301.56695157 262.53418803
181 301.98038203 282.82860093
182 301.83379791 303.28954704
183 301.92048558 324.20940819
184 302.19619048 344.86238095
185 302.07651391 365.20212766
186 302.90178174 385.24899777
187 302.85607570 405.94521912
188 320.16419492 79.53072034
189 320.82828508 99.60623608
190 321.31580135 119.52167043
191 320.94053315 140.04682160
192 321.28601190 160.23303571
193 321.40508150 180.59300096
194 321.32469099 200.89327706
195 322.12340216 220.87364798
196 322.32951786 241.65313909
197 321.79718876 262.32663989
198 322.00988570 282.88168057
199 322.71518814 303.49134853
200 321.93957055 323.63404908
201 322.66859624 345.14327062
202 322.67238822 364.12163594
203 323.39728069 385.07710933
204 324.26454616 404.76066718
205 341.85543724 100.14230397
206 341.75325939 120.73302199
207 341.39644844 140.08172871
208 341.39671963 160.22911328
209 341.82936203 180.16910069
210 341.84516765 200.78579882
211 341.89238210 221.39318823
212 342.58492607 241.42012261
213 342.47657784 262.36942496
214 342.46197039 282.09035222
215 342.96958175 303.16032953
216 343.52332155 324.02084806
217 343.34215038 343.59808964
218 343.09372197 365.76659193
219 344.31044851 384.42721123
220 362.12372881 120.28644068
221 361.35280029 140.09801032
222 362.69220502 160.61825948
223 362.09837898 180.05729458
224 362.72558965 201.03271621
225 363.02780441 221.01006711
226 363.37103554 241.35422239
227 362.95708713 261.93081925
228 363.43948260 282.91992609
229 362.75942982 302.12741228
230 363.99751058 323.68583520
231 363.47914212 342.61725194
232 362.06441119 364.19973975
233 381.78328517 138.57301623
234 383.28018061 160.40232890
235 381.12855592 180.31965255
236 384.11359223 201.73980583
237 383.88235294 221.43973472
238 382.15802213 241.11203320
239 384.35348714 261.88013789
240 383.50117885 283.46783429
241 383.92913070 303.34310379
242 384.45295996 321.54089904
243 385.22968667 341.92750929
244 404.50106157 160.49416136
245 402.63561267 179.88389169
246 403.62399800 200.61598196
247 404.40013999 221.34297713
248 403.85151026 242.81784644
249 403.60702179 262.45399516
250 404.42345368 282.61656871
251 404.41590214 301.81957187
252 405.04515817 323.67109394
253 423.10536714 241.04511031
