1 42.49297052 249.69569161
2 67.63157895 167.67682364
3 66.59727891 192.66258503
4 66.25428860 217.38143290
5 67.00750144 243.50548182
6 66.75771371 270.21547800
7 68.19623234 298.43249608
8 69.21184160 323.68858131
9 91.98157895 116.20877193
10 93.13593750 140.80937500
11 91.29821261 166.75070555
12 90.75000000 192.17522659
13 92.18263091 219.00255428
14 93.47341772 243.64388186
15 92.18387553 270.88684583
16 91.58324324 297.10486486
17 92.90428090 323.05435305
18 94.47828075 348.23136717
19 96.65380117 374.01598441
20 118.31275510 89.39285714
21 117.31376660 112.01886792
22 118.85970149 139.45223881
23 118.22156281 164.44708210
24 116.90864500 190.16278357
25 116.79652699 216.79614949
26 117.05382215 243.61856474
27 116.71845710 269.01225667
28 116.77725564 295.53414787
29 117.94911734 320.17549325
30 119.34390716 346.05570600
31 118.14926783 372.91969769
32 122.60594059 399.25643564
33 144.37515763 88.13934426
34 143.50306748 112.71983640
35 143.37311120 139.20379698
36 142.12070344 164.08752998
37 142.27293898 189.93851886
38 142.25553145 216.42559653
39 142.59046053 243.13157895
40 142.10253317 268.65822276
41 142.10007911 294.82357595
42 142.38516919 320.97588193
43 143.97906553 346.56250000
44 143.61729575 371.01528906
45 144.70106075 397.06943105
46 167.69506463 61.43713278
47 167.27298246 86.16421053
48 168.87638376 111.88376384
49 167.69617225 137.90590112
50 168.17224080 163.59949833
51 167.19398907 188.37267760
52 167.30387597 216.64651163
53 167.93648335 241.81487219
54 167.64065041 269.05528455
55 165.89014616 293.98727016
56 167.43627451 319.69268477
57 168.21767538 346.81568088
58 167.52147610 371.34845735
59 169.67734226 398.19646272
60 170.62780515 423.76792556
61 192.54045562 60.17124902
62 192.42568039 84.61479414
63 193.44487578 110.63858696
64 193.28587196 137.53366446
65 193.41328175 161.91618311
66 193.15123457 190.25308642
67 192.09080654 216.03440496
68 192.60426667 242.38400000
69 192.21858191 268.94816626
70 192.74303406 293.97523220
71 191.13529705 319.85421867
72 192.33505976 346.29721116
73 192.62406877 372.02922636
74 194.23970290 399.42201215
75 195.95018450 423.08256458
76 219.53422619 59.13318452
77 217.76551724 85.88177340
78 218.85452042 111.31574117
79 218.00769601 137.71813372
80 217.24765158 163.77796755
81 218.01259446 189.16057935
82 218.38688827 215.66112650
83 218.46625767 241.03067485
84 217.95371051 268.34900808
85 218.02916667 295.31481481
86 217.99504337 320.14498141
87 217.67677150 345.76998863
88 217.10534691 371.15595162
89 219.47398844 397.03612717
90 218.26451984 423.10695802
91 242.09310654 33.55326768
92 245.11659808 60.89231824
93 244.28584475 86.74155251
94 243.36907021 111.18026565
95 242.52396878 137.98662207
96 243.76581904 163.74275577
97 243.74001947 189.11197663
98 244.31259259 215.88888889
99 243.00000000 243.00000000
100 242.73880597 267.89232409
101 243.26610476 294.37025888
102 241.56289529 319.98945889
103 242.87929687 344.89726562
104 242.97605225 370.76523948
105 243.33240535 394.56458797
106 243.19366197 422.03755869
107 248.62043551 447.08844221
108 270.61468584 60.31415594
109 268.11301370 85.80993151
110 269.37970462 111.81229157
111 268.78289811 137.34254992
112 267.69281046 163.38807190
113 268.76164384 188.84794521
114 268.62536023 215.07973103
115 268.48060942 242.02077562
116 268.96382189 267.46753247
117 268.54120149 294.08293461
118 267.97494781 319.17397356
119 267.57699805 345.38869396
120 267.32375543 371.09054460
121 269.35893011 395.57549612
122 267.92000000 422.31344262
123 294.24495114 60.23648208
124 294.57222222 84.54920635
125 294.69418321 112.01114594
126 293.94708995 137.41269841
127 294.55276382 163.37297599
128 294.18989899 189.02222222
129 293.78818022 214.09771796
130 293.90887480 241.27575277
131 294.08971292 266.90490431
132 292.27937916 293.78713969
133 292.05674157 320.39943820
134 292.13433560 344.99757517
135 292.47168710 371.63864565
136 294.64250914 396.85261876
137 295.29558442 420.49194805
138 317.80860534 62.34124629
139 318.70277078 85.55793451
140 319.31941392 113.55457875
141 319.38807190 138.10498366
142 318.65050167 163.86914716
143 319.69059544 189.75236505
144 317.84326019 214.58934169
145 318.10048480 241.92022918
146 317.51833333 267.20583333
147 318.07400498 294.31529851
148 317.07544643 318.89642857
149 317.75851148 344.64885194
150 316.68390805 369.54086845
151 319.04376731 395.72797784
152 319.86227910 420.71907374
153 344.73397618 88.49234260
154 343.69650794 114.24698413
155 342.79534061 139.12149808
156 343.65491047 163.00434075
157 343.84182777 189.56414763
158 343.39056143 215.59967453
159 342.23845328 239.81131400
160 343.01355774 267.04581580
161 342.63301587 292.93587302
162 343.03964099 318.39080030
163 342.23533471 343.16632160
164 341.34392419 368.13377926
165 341.53035559 394.94449263
166 368.19519409 87.66913124
167 370.73457200 112.92368945
168 367.09708738 140.30703883
169 368.86689420 164.97542662
170 369.30366140 190.54719516
171 368.61147837 215.76622596
172 368.30027739 241.24271845
173 367.81245474 267.36965967
174 368.07783883 292.87606838
175 366.54977974 318.62643172
176 365.98995311 343.78834561
177 367.12012645 371.12276080
178 368.92059008 392.35907094
179 393.19840720 112.85422438
180 393.23868955 140.51014041
181 393.64055794 163.34012876
182 394.39298670 189.26662636
183 392.77693857 214.83182276
184 391.88047337 241.13017751
185 392.01825293 265.93089961
186 394.00248911 293.10454263
187 393.17265416 317.41608579
188 392.04573805 342.51559252
189 393.28517398 367.54916793
190 418.56316297 164.10511090
191 418.89087428 189.14550096
192 419.07202680 216.75418760
193 417.87230216 242.83992806
194 417.32944162 268.32741117
195 418.01670904 292.26443879
196 417.59507741 317.09646685
197 443.56075472 239.12452830
