1 51.79206349 247.15555556
2 75.41133455 167.08592322
3 74.58542931 191.18386817
4 74.52158693 215.49591599
5 75.54681842 241.01448526
6 75.55413712 267.32482270
7 77.05433962 295.08000000
8 78.10254340 320.10456197
9 97.39170792 116.51051980
10 99.13289037 140.28372093
11 97.67657658 165.66126126
12 97.35294118 191.11833910
13 99.27383178 217.32710280
14 100.67398119 241.64184953
15 100.08886184 268.20024346
16 99.54550051 294.07532861
17 100.90454801 319.38180797
18 102.44063820 344.20131394
19 104.40905573 369.86764706
20 122.30614158 90.08860759
21 121.75868984 112.74866310
22 123.76083916 139.45594406
23 123.16151809 163.74757282
24 122.54478114 189.25454545
25 122.82579934 215.27416391
26 123.31534954 241.80775076
27 123.26424870 266.55509499
28 123.57171448 292.64109406
29 124.74690722 316.98505155
30 126.17950755 342.24861001
31 125.08088235 368.86764706
32 129.42629905 394.83881230
33 147.04719600 89.14769572
34 146.73562300 113.46405751
35 146.64195362 139.51229796
36 145.85243328 163.89874411
37 146.53450960 189.46860405
38 146.86510638 215.20553191
39 147.53950061 241.26238232
40 147.37989256 266.45203377
41 147.53599649 292.05750658
42 148.05637343 317.74434470
43 149.55693950 343.19750890
44 149.34430380 367.34126582
45 150.46081209 392.73559962
46 168.54381443 63.13917526
47 168.76142473 87.48185484
48 170.46153846 113.03888419
49 169.71868666 138.31536279
50 170.56429780 163.73815567
51 169.89828353 188.33757152
52 170.50618132 215.61538462
53 171.39242685 240.51153184
54 171.62483487 267.24702774
55 170.04262120 291.63665424
56 171.71853075 316.84853487
57 172.52326717 343.44809632
58 172.09672131 367.77595628
59 174.03250478 394.40391969
60 175.13939081 419.54001033
61 192.17335474 61.73354735
62 192.62400000 86.00123077
63 193.80741012 111.83639032
64 193.83897022 138.10146391
65 194.20667927 162.38059231
66 194.52881356 190.65084746
67 193.94682583 215.43407488
68 194.70350000 241.29300000
69 194.92756264 267.29977221
70 195.53263158 292.19578947
71 194.20313180 317.25097869
72 195.46620047 343.09285159
73 195.90036486 368.47937132
74 197.38988920 395.60180055
75 198.98886827 419.15723562
76 217.81077694 61.06641604
77 216.36083409 87.51133273
78 217.86123806 112.52098047
79 217.30993658 138.70613108
80 216.90514469 164.52893891
81 217.87088444 189.45061330
82 218.49619772 215.41634981
83 218.92078189 240.37448560
84 218.91171994 266.97564688
85 219.27647059 293.14343891
86 219.18567807 317.66920152
87 219.40305398 343.27130682
88 218.99875078 367.97314179
89 221.18313953 393.40625000
90 220.08621816 419.35205748
91 239.00129618 35.82242385
92 242.30675204 62.81548312
93 241.87263339 88.47676420
94 241.07560137 112.82817869
95 240.51374819 139.06753497
96 241.84668990 164.63298490
97 242.22273144 189.51145738
98 242.81504702 215.98275862
99 243.00000000 243.00000000
100 242.17142857 266.74910714
101 243.02681795 292.53326457
102 241.67725233 317.77666552
103 243.17644832 342.17947747
104 243.31133113 367.71543821
105 243.81958196 391.01265127
106 243.51348039 418.40379902
107 248.87082405 443.26757875
108 266.17765043 62.49355301
109 264.08307692 87.72538462
110 265.75215224 113.19302220
111 265.22698345 138.60415783
112 264.71074380 164.25371901
113 265.75906040 189.49597315
114 265.85668016 215.34251012
115 266.11394303 241.89055472
116 266.88720666 266.50567752
117 266.91775326 292.84854564
118 266.43731988 317.28458213
119 266.41744045 342.96810658
120 266.35113485 368.12216288
121 268.40212443 392.35508346
122 266.94214876 418.93388430
123 288.68610130 62.64369847
124 289.10521955 86.46810273
125 289.83751254 113.43296556
126 289.01957831 138.64859438
127 290.01652422 164.25413105
128 289.55155875 189.80815348
129 289.75716901 214.57840146
130 289.95622688 241.34956843
131 290.42523364 266.26375909
132 289.02882483 292.64966741
133 289.20116156 318.79461457
134 289.62331166 342.79889945
135 290.17674970 368.62633452
136 292.31267929 393.74239816
137 293.06312997 417.09389920
138 310.92089552 64.69626866
139 312.10024155 87.55797101
140 312.76325758 115.28030303
141 312.98495645 139.58630245
142 312.73397053 164.97690163
143 314.07396951 190.68718238
144 312.43359375 215.13750000
145 312.84326136 242.23082651
146 312.81701553 266.83187036
147 313.65900131 293.42706965
148 312.72369010 317.42946708
149 313.81847915 342.71300082
150 313.05400697 367.10104530
151 315.30399501 392.93945069
152 316.48494764 417.33638743
153 336.72761394 90.59142091
154 335.87740225 116.15506958
155 335.21387778 140.62421473
156 336.11987214 164.33564198
157 336.79376499 190.73381295
158 336.47199092 216.14042392
159 335.83068328 240.78813924
160 336.73360324 266.76072874
161 336.47176080 292.13858567
162 337.11767101 317.21213355
163 336.68077308 341.52382539
164 336.29947152 365.96711685
165 336.72766160 392.14258555
166 358.84457143 89.86780952
167 361.25395034 115.11230248
168 358.12994924 142.02284264
169 359.68783422 166.42179144
170 360.67991170 191.52069536
171 360.34961360 216.53972179
172 360.13751299 241.62833391
173 360.27437418 267.31554677
174 360.60591716 292.41538462
175 359.59214744 317.61538462
176 359.46190155 342.20431558
177 360.90200573 369.18166189
178 362.85971467 389.86752717
179 382.64819701 115.10905893
180 383.03976670 142.23966066
181 383.36718359 165.07153577
182 384.27316076 190.30108992
183 383.03335250 215.57159287
184 382.49603175 241.55820106
185 382.90314621 265.94941394
186 385.20919387 292.63757495
187 384.76753310 316.69249632
188 384.09062500 341.28250000
189 385.53459821 365.89918155
190 407.10984308 165.82596291
191 407.85472761 190.49154665
192 408.08841322 217.69474174
193 407.28867925 243.58301887
194 407.23856859 268.44831014
195 408.09260870 291.98521739
196 408.01530612 316.59226190
197 431.90434451 239.90510671
