1 34.00446735 241.93608247
2 60.25111974 158.91609436
3 59.18200514 184.46992288
4 58.93697772 209.48328691
5 59.69209040 236.02498914
6 59.59276958 263.10326200
7 60.90978836 291.92248677
8 62.02203814 317.51203501
9 85.09997417 106.99974167
10 86.51136364 131.91373967
11 84.62710220 158.42981889
12 84.09758043 184.40467961
13 85.82711864 211.49943503
14 87.29579288 236.70032362
15 86.06366048 264.21777188
16 85.39394581 290.92569856
17 86.87444934 317.12074489
18 88.42658767 342.73467876
19 90.73102054 369.05522713
20 112.45619933 79.73956891
21 111.45508214 103.21047228
22 113.01909629 131.29101668
23 112.39070750 156.78845477
24 110.79468042 182.81639300
25 111.02686710 209.68239245
26 111.63462163 237.21240663
27 111.22996291 262.83180132
28 111.70234499 289.59617321
29 112.98263651 314.65775645
30 114.41615880 340.77207035
31 113.14357232 368.13391740
32 118.00281577 395.01508447
33 139.29377558 79.04716778
34 138.56740563 104.35949670
35 138.28673892 131.34571246
36 137.10524451 156.62331680
37 137.44607938 183.21568248
38 137.31889290 209.81880695
39 138.10252600 236.76430163
40 137.74907293 262.87038672
41 137.66966332 289.27745461
42 138.13967918 315.77935835
43 140.09375000 341.63181584
44 139.84714512 366.60249802
45 141.06885940 392.91536834
46 163.49768379 51.93353474
47 163.10895522 77.57562189
48 164.60743802 104.01398601
49 163.42963091 130.02621594
50 164.02179739 156.62962301
51 163.32038391 182.15973492
52 163.53210757 210.48463227
53 164.19080383 235.96341668
54 164.38812301 263.48250265
55 162.64205682 288.87655062
56 164.26749294 314.77204267
57 165.19021416 342.15957763
58 164.71150691 366.95547223
59 167.00147984 394.53274140
60 168.40956599 420.42285208
61 189.12068511 51.14940711
62 189.11993927 76.09817814
63 190.27694936 102.75846536
64 190.00296673 130.11104047
65 190.34935127 155.36520903
66 190.20206659 183.70091848
67 189.39006725 210.04811174
68 189.93223916 236.80398593
69 189.90114703 263.58748697
70 190.55154930 288.96957746
71 188.89082161 315.21669134
72 190.59829525 341.85146899
73 190.75023200 367.98767069
74 192.66165036 395.70052671
75 194.55535086 419.94071345
76 217.29976019 50.22997602
77 215.33076923 77.68315018
78 216.65003501 103.40248599
79 215.88011152 130.60947955
80 215.06258616 157.15329473
81 215.96433471 183.02633745
82 216.30239521 209.97604790
83 216.81282988 235.81932603
84 216.39560126 263.27449300
85 216.76146789 290.55429913
86 216.91710115 315.41657977
87 216.76122356 341.63247603
88 216.16085106 367.57049645
89 218.82973422 393.52270210
90 217.72701525 419.93551198
91 240.60717282 23.95364933
92 244.12511151 51.85682426
93 243.03395159 78.70480981
94 242.07377959 103.52570266
95 241.32832370 130.65529865
96 242.49209575 157.30623306
97 242.83379598 183.16169327
98 243.07157360 210.25837563
99 243.00000000 243.00000000
100 242.08959311 263.00352113
101 242.95148670 289.80460541
102 241.44137303 315.55239976
103 242.98704706 340.86079685
104 243.21048489 367.25692695
105 243.67871854 390.93066362
106 243.40301003 418.96613712
107 249.44867778 444.32009024
108 270.35952031 51.46426823
109 267.84948148 77.73866667
110 269.16386103 103.87482092
111 268.64504432 130.38013699
112 267.74236070 156.72917915
113 268.60221741 182.89778259
114 268.65775401 209.45486002
115 268.79721848 236.94706146
116 269.42639278 262.68565204
117 269.30215517 289.78232759
118 269.01578073 314.59136213
119 268.60746395 341.23477523
120 268.66797591 367.60840534
121 270.71639151 391.98938679
122 269.26384288 419.18244203
123 294.70678673 51.42806940
124 295.44397804 76.20794317
125 295.87169705 103.98728275
126 294.81521494 130.44609498
127 295.71088509 156.65029214
128 295.00709639 183.41691307
129 294.98210832 208.72872340
130 295.31113345 236.29127922
131 295.53428701 262.08242507
132 293.72101674 289.12461252
133 294.05956113 316.11222571
134 294.22865683 340.95591257
135 294.77602307 367.63361714
136 297.10743613 393.30702555
137 297.93429891 417.20969773
138 319.28459119 53.24034142
139 320.25325752 77.14356787
140 321.01630435 105.91279644
141 321.30645411 130.90218232
142 320.92958712 157.30580778
143 322.07311111 183.85022222
144 320.18740849 209.05622255
145 320.56020509 237.10155475
146 320.19239130 262.39021739
147 320.91799382 290.08367007
148 320.03211881 314.68554654
149 321.10372256 340.90057270
150 319.87322929 365.64489796
151 322.59106039 391.99120304
152 323.54753221 417.17092147
153 347.51305404 80.01882210
154 346.47167945 106.59163987
155 345.75973698 131.63657056
156 346.66615787 156.38050589
157 347.09829777 183.56293455
158 346.89426167 209.88859985
159 346.01393473 235.17161716
160 346.67729636 262.10034662
161 346.35070222 288.29432119
162 347.01898305 314.10271186
163 346.30399891 339.16947769
164 345.65091427 364.31275232
165 345.93868430 391.07347158
166 371.57130547 79.09105271
167 374.23337569 105.06204998
168 370.76082431 132.86948376
169 372.61900980 158.01959227
170 373.61873176 183.96431414
171 373.00787956 209.92655129
172 372.85609790 235.88240259
173 372.63740403 262.21744169
174 373.00834855 288.21654057
175 371.44204936 314.04686036
176 371.07185629 339.55473054
177 372.41135191 367.16759546
178 374.63565568 388.21596440
179 397.46517194 104.75488097
180 397.97766851 132.84716247
181 398.51329409 156.39050132
182 399.37654933 182.58081309
183 397.96230203 208.60428285
184 397.28947368 235.35103383
185 397.49579208 260.54653465
186 399.91285347 287.97532134
187 399.25521371 312.61449515
188 398.37632359 337.86615841
189 399.65082160 363.12910798
190 424.28219935 156.57293497
191 424.63919052 182.22285291
192 425.36164482 210.24151553
193 424.33483907 236.91944288
194 423.87988518 262.57518216
195 424.82423208 286.80904437
196 424.62656016 311.98235979
197 451.02129601 232.46912078
